4294967278,426
4294967278,221
4294967279,314
4294967278,303
4294967278,143
4294967279,142
4294967278,142
4294967278,140
4294967279,139
4294967278,139
4294967279,138
4294967279,136
4294967279,274
4294967278,135
4294967278,134
4294967279,133
4294967279,283
4294967278,288
4294967279,345
4294967278,274
4294967279,280
4294967278,273
4294967278,17
4294967278,11
4294967278,10
4294967278,9
4294967278,8
4294967278,6
4294967279,127
4294967279,125
4294967279,124
4294967279,122
4294967279,113
4294967279,111
4294967279,110
4294967279,109
4294967279,104
4294967279,102
4294967279,101
4294967278,267
4294967278,281
4294967279,261
4294967294,12
4294967294,11
4294967294,68
4294967278,285
4294967279,256
4294967278,262
4294967279,255
4294967278,261
4294967278,278
4294967279,544
4294967278,257
4294967279,543
4294967279,562
4294967279,568
4294967279,539
4294967279,514
4294967279,517
4294967279,249
4294967279,245
4294967279,243
4294967279,235
454,6
454,5
4294967279,229
454,4
454,3
454,2
454,1
4294967278,346
4294967279,227
4294967278,378
4294967294,415
4294967294,405
4294967294,384
4294967294,113
4294967294,169
4294967294,112
4294967294,462
4294967279,217
4294967278,213
4294967279,213
4294967279,212
4294967278,291
4294967279,238
4294967279,557
4294967278,300
4294967278,279
4294967294,1413
4294967294,197
4294967294,161
4294967294,1004
4294967278,394
4294967279,567
4294967278,318
4294967279,198
4294967278,197
4294967278,193
4294967279,195
4294967279,194
4294967278,341
4294967279,551
4294967278,295
4294967278,188
4294967279,188
4294967278,272
4294967278,374
4294967294,387
4294967279,214
4294967294,469
4294967278,445
4294967279,306
4294967279,180
4294967279,179
4294967278,178
4294967278,373
4294967278,336
4294967278,387
4294967279,528
4294967278,372
4294967278,169
4294967279,169
4294967278,168
4294967279,168
4294967278,167
4294967279,167
4294967278,166
4294967279,166
4294967278,164
4294967278,369
4294967294,1417
4294967294,1415
4294967279,162
4294967279,545
4294967279,161
4294967279,160
4294967279,550
4294967278,159
4294967278,158
4294967278,157
4294967279,157
4294967279,153
4294967278,156
447,6
4294967279,155
447,5
447,4
447,3
447,2
447,1
4294967279,299
4294967278,399
4294967279,554
4294967294,470
4294967278,151
4294967279,323
4294967279,564
4294967279,147
4294967279,146
4294967279,297
4294967279,289
4294967278,132
4294967278,128
4294967278,126
4294967278,125
4294967278,123
4294967278,118
4294967278,114
4294967278,102
4294967278,100
4294967278,99
4294967278,410
4294967278,97
4294967278,93
4294967278,87
4294967278,86
4294967278,85
4294967278,78
4294967278,76
4294967278,75
4294967278,73
4294967278,71
4294967278,68
4294967278,64
4294967278,427
4294967278,62
4294967278,61
4294967278,60
4294967278,59
4294967278,57
4294967278,56
4294967278,55
4294967278,54
4294967278,52
4294967278,51
4294967278,48
4294967278,47
4294967278,46
4294967278,45
4294967278,44
4294967278,43
4294967278,42
4294967278,41
4294967278,40
4294967278,39
4294967278,38
4294967278,37
4294967278,36
4294967278,35
4294967278,34
4294967278,33
4294967278,32
4294967278,31
4294967278,403
4294967278,30
4294967278,29
4294967278,28
4294967278,27
4294967278,24
4294967278,22
4294967278,21
4294967278,20
4294967278,19
4294967278,18
4294967278,308
4294967279,84
4294967279,82
4294967279,79
4294967279,77
4294967279,76
4294967279,75
4294967279,74
4294967279,73
4294967279,72
4294967279,71
4294967279,70
4294967279,68
4294967279,260
4294967279,65
4294967279,63
4294967279,62
4294967279,61
4294967279,60
4294967279,59
4294967279,58
4294967279,57
4294967279,56
4294967279,54
4294967279,566
4294967279,287
4294967279,174
4294967294,408
4294967294,397
4294967294,1416
4294967294,400
4294967294,167
4294967294,411
4294967294,409
4294967294,461
4294967278,26
4294967279,286
4294967278,25
4294967278,277
4294967279,267
4294967278,136
4294967278,424
4294967278,23
4294967278,313
4294967279,234
4294967279,271
4294967279,270
444,6
444,5
444,4
444,3
444,2
444,1
4294967278,344
4294967278,333
4294967279,265
4294967279,264
4294967279,263
4294967278,442
4294967279,257
4294967278,131
4294967278,137
4294967279,338
4294967278,130
4294967278,343
4294967278,129
4294967278,127
4294967278,364
4294967278,327
441,5
441,4
441,3
441,2
441,1
4294967278,342
4294967278,440
4294967278,116
4294967279,232
4294967278,433
4294967278,237
4294967279,292
4294967278,362
4294967279,231
4294967278,230
439,6
439,5
4294967278,228
439,4
439,3
439,2
439,1
4294967278,226
4294967278,105
4294967278,220
4294967278,218
4294967294,528
4294967294,1006
4294967294,1009
4294967278,216
4294967278,214
4294967278,212
4294967279,210
4294967278,211
4294967278,210
4294967279,209
4294967278,385
4294967278,447
4294967278,91
4294967278,282
4294967279,266
4294967278,280
4294967279,565
436,6
436,5
436,4
436,3
436,2
436,1
4294967279,196
4294967278,275
4294967279,556
4294967278,80
4294967278,348
4294967279,80
4294967279,310
4294967278,79
4294967278,191
4294967279,78
4294967279,191
4294967278,77
4294967278,190
4294967278,185
4294967278,187
4294967279,187
4294967278,186
4294967279,186
4294967279,69
4294967279,295
4294967278,415
4294967278,58
4294967279,67
4294967279,284
4294967278,66
4294967278,314
4294967279,66
4294967279,305
4294967278,65
4294967278,375
4294967279,64
4294967279,547
4294967278,63
433,5
433,4
433,3
433,2
433,1
4294967278,431
4294967279,319
4294967294,198
4294967278,53
4294967278,446
4294967279,315
4294967279,362
431,6
4294967278,49
4294967294,168
4294967294,402
4294967294,183
4294967294,160
4294967294,417
4294967279,163
4294967279,546
4294967278,50
4294967278,384
431,5
431,4
431,3
431,2
431,1
